# sum_ticks_a, sum_ticks_b
0 0 
0 0 
0 0 
0 0 
0 0 
0 0 
0 0 
0 0 
0 0 
0 0 
0 0 
0 0 
0 0 
0 0 
0 0 
0 0 
0 0 
0 0 
0 0 
0 0 
0 0 
0 0 
0 0 
0 0 
0 0 
0 0 
0 0 
0 0 
0 0 
0 0 
0 0 
0 0 
0 0 
0 0 
0 0 
0 0 
0 0 
0 0 
0 0 
0 0 
0 0 
0 0 
0 0 
0 0 
0 0 
0 0 
0 0 
0 0 
0 0 
0 0 
0 0 
0 0 
0 0 
0 0 
0 0 
0 0 
0 0 
0 0 
0 0 
0 0 
0 0 
0 0 
0 0 
0 0 
0 0 
0 0 
0 0 
0 0 
0 0 
0 0 
0 0 
0 0 
0 0 
0 0 
0 0 
0 0 
0 0 
0 0 
0 0 
0 0 
0 0 
0 0 
0 0 
0 0 
0 0 
0 0 
0 0 
0 0 
0 0 
0 0 
0 0 
0 0 
0 0 
0 0 
0 0 
0 0 
0 0 
0 0 
0 0 
0 0 
0 0 
0 0 
0 0 
0 0 
0 0 
0 0 
0 0 
0 0 
0 0 
0 0 
0 0 
0 0 
0 0 
0 0 
0 0 
0 0 
0 0 
0 0 
0 0 
0 0 
0 0 
0 0 
0 0 
0 0 
0 0 
0 0 
0 0 
0 0 
0 0 
0 0 
0 0 
0 0 
0 0 
0 0 
0 0 
0 0 
0 0 
0 0 
0 0 
0 0 
0 0 
0 0 
0 0 
0 0 
0 0 
0 0 
0 0 
0 0 
0 0 
0 0 
0 0 
0 0 
0 0 
0 0 
0 0 
0 0 
0 0 
0 0 
0 0 
0 0 
0 0 
0 0 
0 0 
0 0 
0 0 
0 0 
0 0 
0 0 
0 0 
0 0 
0 0 
0 0 
0 0 
0 0 
0 0 
0 0 
0 0 
0 0 
0 0 
0 0 
0 0 
0 0 
0 0 
0 0 
0 0 
0 0 
0 0 
0 0 
0 0 
0 0 
0 0 
0 0 
0 0 
0 0 
0 0 
0 0 
0 0 
0 0 
0 0 
0 0 
0 0 
0 0 
0 0 
0 0 
0 0 
0 0 
0 0 
0 0 
0 0 
0 0 
0 0 
0 0 
0 0 
0 0 
0 0 
0 0 
0 0 
0 0 
0 0 
0 0 
0 0 
0 0 
0 0 
0 0 
0 0 
0 0 
0 0 
0 0 
0 0 
0 0 
0 0 
0 0 
0 0 
0 0 
0 0 
0 0 
0 0 
0 0 
0 0 
0 0 
0 0 
0 0 
0 0 
0 0 
0 0 
0 0 
0 0 
0 0 
0 0 
0 0 
0 0 
0 0 
0 0 
0 0 
0 0 
0 0 
0 0 
0 0 
0 0 
13 50 
40 151 
76 268 
121 389 
161 496 
191 586 
217 669 
246 756 
280 846 
321 938 
368 1030 
419 1118 
476 1205 
539 1294 
607 1387 
680 1484 
760 1584 
846 1689 
937 1802 
1033 1919 
1144 2043 
1267 2172 
1396 2308 
1529 2449 
1664 2591 
1800 2733 
1938 2876 
2078 3022 
2223 3172 
2371 3327 
2521 3484 
2673 3645 
2827 3809 
2984 3975 
3144 4143 
3306 4312 
3470 4482 
3637 4655 
3807 4832 
3978 5011 
4151 5191 
4326 5372 
4502 5555 
4680 5741 
4858 5927 
5036 6116 
5216 6305 
5398 6495 
5584 6687 
5772 6883 
5961 7083 
6152 7285 
6343 7484 
6534 7683 
6727 7884 
6921 8086 
7117 8286 
7313 8486 
7511 8689 
7708 8896 
7907 9110 
8108 9327 
8311 9543 
8517 9758 
8725 9975 
8933 10190 
9142 10404 
9352 10619 
9562 10837 
9774 11058 
9989 11280 
10206 11505 
10424 11731 
10644 11958 
10867 12188 
11091 12420 
11316 12652 
11541 12885 
11767 13117 
11995 13352 
12222 13588 
12449 13820 
12677 14051 
12907 14288 
13140 14529 
13375 14770 
13612 15010 
13849 15252 
14086 15496 
14324 15742 
14561 15990 
14798 16239 
15036 16489 
15277 16741 
15519 16992 
15761 17242 
16005 17492 
16251 17745 
16499 18001 
16746 18254 
16993 18509 
17242 18765 
17493 19022 
17744 19279 
17994 19536 
18246 19796 
18500 20056 
18756 20317 
19014 20580 
19274 20843 
19535 21105 
19796 21361 
20056 21622 
20315 21884 
20576 22145 
20837 22405 
21098 22670 
21362 22943 
21630 23223 
21900 23508 
22171 23794 
22442 24076 
22709 24349 
22974 24615 
23236 24880 
23498 25145 
23763 25414 
24034 25689 
24308 25969 
24584 26252 
24861 26535 
25137 26816 
25411 27096 
25684 27375 
25957 27650 
26230 27927 
26504 28208 
26782 28493 
27061 28780 
27340 29070 
27620 29362 
27901 29652 
28182 29939 
28462 30227 
28742 30512 
29021 30799 
29303 31091 
29590 31388 
29880 31690 
30171 31993 
30462 32293 
30749 32591 
31034 32889 
31318 33185 
31604 33486 
31890 33786 
32179 34083 
32469 34381 
32759 34684 
33051 34991 
33344 35297 
33639 35605 
33935 35910 
34231 36213 
34526 36519 
34820 36825 
35114 37133 
35408 37443 
35699 37753 
35990 38063 
36281 38368 
36574 38671 
36868 38976 
37161 39283 
37457 39590 
37756 39899 
38056 40210 
38358 40522 
38661 40835 
38963 41147 
39263 41455 
39562 41763 
39864 42072 
40169 42383 
40476 42693 
40785 43005 
41092 43314 
41397 43619 
41701 43924 
42006 44231 
42313 44543 
42622 44861 
42933 45180 
43242 45497 
43553 45817 
43864 46138 
44175 46457 
44485 46773 
44793 47087 
45100 47401 
45408 47713 
45716 48026 
46027 48347 
46341 48671 
46655 48994 
46968 49319 
47281 49650 
47593 49982 
47905 50316 
48217 50651 
48528 50985 
48840 51321 
49153 51655 
49468 51985 
49785 52316 
50102 52644 
50421 52975 
50742 53310 
51063 53646 
51384 53982 
51701 54313 
52016 54640 
52335 54969 
52657 55300 
52981 55633 
53306 55964 
53629 56294 
53953 56625 
54277 56957 
54601 57290 
54925 57623 
55247 57956 
55570 58291 
55894 58626 
56216 58961 
56539 59296 
56863 59631 
57186 59966 
57510 60299 
57836 60630 
58162 60963 
58490 61297 
58820 61634 
59149 61973 
59478 62308 
59807 62644 
60138 62980 
60469 63316 
60803 63654 
61137 63994 
61470 64336 
61805 64681 
62140 65026 
62473 65367 
62805 65706 
63135 66045 
63465 66391 
63797 66743 
64130 67095 
64463 67439 
64795 67774 
65126 68105 
65455 68436 
65783 68770 
66112 69110 
66444 69451 
66776 69791 
67108 70131 
67440 70471 
67769 70813 
68099 71159 
68429 71504 
68758 71843 
69090 72181 
69423 72519 
69756 72858 
70090 73201 
70424 73545 
70760 73890 
71097 74233 
71434 74574 
71770 74915 
72104 75254 
72438 75594 
72771 75936 
73101 76272 
73430 76604 
73761 76939 
74095 77280 
74433 77628 
74774 77979 
75117 78326 
75457 78669 
75795 79012 
76130 79351 
76463 79689 
76797 80026 
77132 80362 
77467 80699 
77803 81037 
78138 81373 
78472 81707 
78808 82038 
79143 82368 
79478 82697 
79812 83027 
80146 83357 
80478 83686 
80809 84015 
81139 84344 
81469 84674 
81800 85006 
82132 85337 
82463 85666 
82791 85995 
83116 86321 
83438 86644 
83757 86964 
84076 87285 
84394 87606 
84711 87929 
85027 88251 
85342 88571 
85656 88885 
85969 89196 
86280 89505 
86590 89814 
86898 90124 
87206 90438 
87515 90753 
87824 91068 
88134 91383 
88444 91696 
88754 92007 
89062 92319 
89370 92630 
89676 92940 
89981 93252 
90288 93565 
90596 93878 
90905 94191 
91214 94504 
91522 94816 
91831 95126 
92139 95435 
92448 95745 
92756 96056 
93065 96368 
93374 96678 
93682 96989 
93986 97295 
94288 97599 
94592 97903 
94898 98209 
95206 98520 
95517 98834 
95830 99149 
96142 99464 
96454 99778 
96765 100091 
97074 100403 
97384 100712 
97694 101018 
98003 101323 
98312 101630 
98620 101939 
98930 102251 
99240 102562 
99549 102873 
99858 103183 
100168 103491 
100477 103798 
100787 104102 
101097 104403 
101405 104702 
101712 105002 
102019 105305 
102325 105608 
102632 105911 
102939 106216 
103249 106525 
103560 106834 
103870 107144 
104179 107452 
104487 107754 
104794 108053 
105100 108353 
105406 108655 
105712 108958 
106019 109263 
106325 109567 
106630 109868 
106933 110167 
107233 110464 
107532 110760 
107831 111055 
108129 111352 
108430 111651 
108733 111954 
109035 112256 
109334 112556 
109630 112855 
109923 113149 
110214 113443 
110505 113738 
110799 114034 
111093 114332 
111392 114631 
111694 114930 
111995 115225 
112295 115521 
112594 115818 
112892 116113 
113192 116407 
113493 116703 
113798 117000 
114105 117297 
114411 117596 
114717 117896 
115025 118193 
115334 118490 
115644 118787 
115956 119086 
116267 119388 
116579 119692 
116891 119996 
117200 120299 
117506 120599 
117811 120899 
118116 121199 
118422 121498 
118728 121795 
119033 122094 
119339 122393 
119645 122694 
119953 122998 
120262 123300 
120571 123602 
120879 123902 
121188 124201 
121497 124499 
121808 124795 
122122 125089 
122439 125383 
122756 125677 
123070 125973 
123381 126272 
123693 126570 
124007 126867 
124324 127162 
124644 127456 
124964 127751 
125283 128048 
125601 128345 
125916 128642 
126229 128939 
126544 129236 
126857 129532 
127170 129825 
127486 130118 
127802 130414 
128117 130712 
128432 131008 
128745 131305 
129056 131601 
129366 131893 
129678 132184 
129993 132474 
130309 132768 
130624 133061 
130937 133354 
131244 133647 
131544 133938 
131843 134228 
132142 134518 
132444 134809 
132753 135101 
133066 135394 
133377 135686 
133685 135980 
133989 136273 
134292 136565 
134598 136858 
134905 137152 
135212 137446 
135515 137740 
135815 138034 
136114 138328 
136412 138619 
136709 138911 
137009 139200 
137313 139490 
137619 139781 
137927 140074 
138235 140368 
138539 140662 
138840 140951 
139139 141238 
139437 141522 
139735 141803 
140033 142083 
140328 142357 
140623 142627 
140917 142894 
141210 143162 
141504 143429 
141798 143695 
142090 143960 
142382 144224 
142672 144488 
142960 144750 
143248 145014 
143537 145279 
143826 145544 
144114 145809 
144401 146076 
144684 146341 
144967 146604 
145252 146866 
145538 147128 
145824 147389 
146109 147649 
146390 147908 
146670 148165 
146948 148421 
147225 148675 
147501 148930 
147778 149184 
148053 149436 
148326 149687 
148600 149936 
148875 150186 
149148 150436 
149421 150688 
149696 150939 
149970 151189 
150241 151439 
150512 151689 
150782 151939 
151050 152186 
151321 152434 
151592 152682 
151861 152929 
152129 153176 
152397 153421 
152664 153666 
152930 153909 
153196 154154 
153457 154399 
153716 154643 
153978 154886 
154245 155131 
154514 155377 
154782 155622 
155050 155867 
155318 156113 
155587 156358 
155859 156603 
156131 156848 
156401 157092 
156671 157336 
156941 157579 
157211 157822 
157482 158064 
157753 158304 
158023 158544 
158292 158786 
158562 159028 
158835 159267 
159109 159504 
159382 159743 
159655 159981 
159928 160217 
160201 160454 
160474 160692 
160746 160927 
161018 161161 
161289 161394 
161561 161628 
161832 161862 
162104 162095 
162373 162328 
162641 162559 
162908 162791 
163174 163023 
163442 163257 
163711 163490 
163982 163724 
164252 163956 
164525 164189 
164797 164422 
165067 164654 
165335 164884 
165600 165116 
165865 165347 
166131 165578 
166399 165808 
166669 166038 
166938 166267 
167207 166495 
167474 166721 
167740 166947 
168007 167171 
168275 167393 
168539 167610 
168802 167826 
169065 168042 
169326 168254 
169586 168463 
169848 168666 
170111 168866 
170372 169061 
170634 169254 
170896 169442 
171158 169619 
171421 169790 
171688 169951 
171958 170104 
172228 170251 
172497 170393 
172765 170532 
173029 170671 
173291 170809 
173557 170945 
173824 171077 
174093 171207 
174363 171335 
174631 171461 
174894 171586 
175159 171710 
175427 171830 
175695 171947 
175960 172060 
176219 172171 
176477 172283 
176735 172394 
176998 172506 
177265 172614 
177532 172720 
177797 172823 
178059 172923 
178319 173022 
178577 173120 
178837 173218 
179097 173316 
179357 173415 
179617 173513 
179879 173611 
180141 173707 
180406 173799 
180672 173890 
180936 173978 
181200 174065 
181465 174153 
181731 174240 
181997 174327 
182264 174413 
182530 174499 
182795 174584 
183057 174667 
183319 174749 
183581 174832 
183840 174912 
184098 174991 
184354 175070 
184610 175150 
184868 175230 
185128 175310 
185389 175388 
185652 175465 
185915 175541 
186176 175614 
186435 175685 
186693 175757 
186950 175830 
187205 175902 
187464 175974 
187725 176047 
187986 176117 
188245 176184 
188503 176250 
188761 176317 
189019 176384 
189279 176450 
189539 176516 
189797 176582 
190051 176649 
190301 176715 
190548 176779 
190797 176842 
191053 176905 
191311 176967 
191565 177027 
191817 177086 
192068 177147 
192317 177210 
192565 177272 
192818 177333 
193073 177393 
193328 177454 
193585 177515 
193843 177573 
194099 177631 
194354 177687 
194610 177742 
194867 177797 
195123 177852 
195377 177908 
195631 177965 
195884 178022 
196140 178079 
196401 178136 
196666 178192 
196928 178247 
197187 178301 
197441 178354 
197694 178408 
197952 178463 
198216 178518 
198482 178573 
198744 178626 
199007 178677 
199267 178728 
199526 178779 
199784 178831 
200043 178884 
200303 178936 
200563 178989 
200824 179043 
201087 179097 
201352 179149 
201616 179197 
201880 179244 
202142 179290 
202403 179336 
202665 179382 
202929 179428 
203194 179463 
203458 179490 
203720 179516 
203981 179551 
204243 179595 
204505 179640 
204767 179675 
205028 179702 
205289 179727 
205549 179752 
205810 179778 
206071 179805 
206333 179833 
206597 179861 
206864 179889 
207131 179916 
207398 179942 
207663 179967 
207925 179991 
208185 180007 
208446 180018 
208712 180035 
208981 180057 
209248 180080 
209516 180102 
209782 180116 
210048 180122 
210314 180125 
210581 180125 
210846 180132 
211109 180148 
211369 180167 
211626 180180 
211884 180185 
212147 180187 
212413 180187 
212677 180187 
212939 180187 
213198 180187 
213454 180187 
213709 180187 
213967 180187 
214229 180187 
214493 180187 
214758 180187 
215023 180187 
215286 180187 
215547 180187 
215808 180187 
216069 180187 
216326 180187 
216582 180187 
216839 180187 
217094 180187 
217351 180187 
217614 180187 
217882 180187 
218148 180187 
218407 180187 
218660 180187 
218911 180187 
219167 180187 
219430 180187 
219697 180187 
219962 180187 
220225 180187 
220485 180187 
220742 180187 
220998 180187 
221256 180187 
221515 180187 
221775 180187 
222036 180187 
222298 180187 
222561 180187 
222825 180187 
223088 180187 
223349 180187 
223611 180187 
223875 180187 
224140 180187 
224404 180187 
224667 180187 
224930 180187 
225191 180187 
225452 180187 
225713 180187 
225974 180187 
226232 180187 
226492 180187 
226752 180187 
227012 180187 
227273 180187 
227534 180187 
227796 180187 
228058 180187 
228320 180187 
228580 180187 
228840 180187 
229098 180187 
229354 180187 
229610 180187 
229870 180187 
230132 180187 
230392 180187 
230650 180187 
230907 180187 
231165 180194 
231423 180218 
231683 180254 
231944 180289 
232203 180323 
232457 180362 
232704 180405 
232947 180450 
233192 180505 
233440 180582 
233690 180671 
233937 180769 
234182 180882 
234427 181004 
234670 181131 
234911 181261 
235152 181395 
235393 181525 
235632 181649 
235869 181774 
236106 181904 
236341 182037 
236573 182172 
236745 182242 
236876 182254 
237018 182263 
237176 182275 
237273 182290 
237307 182322 
237334 182368 
237365 182406 
237396 182431 
237426 182447 
237456 182456 
237489 182464 
237526 182473 
237564 182493 
237603 182521 
237645 182550 
237690 182567 
237736 182573 
237782 182576 
237824 182578 
237858 182591 
237884 182614 
237903 182636 
237915 182654 
237921 182657 
237921 182657 
237921 182657 
237918 182660 
237913 182663 
237906 182664 
237898 182664 
237888 182664 
237879 182664 
237871 182664 
237863 182664 
237855 182664 
237846 182664 
237837 182664 
237829 182664 
237821 182664 
237814 182664 
237808 182664 
237804 182664 
237801 182664 
237798 182664 
237796 182664 
237795 182664 
237795 182664 
237795 182664 
237795 182664 
237795 182664 
237795 182664 
237795 182664 
237795 182664 
237795 182664 
237795 182664 
237795 182664 
237795 182664 
237795 182664 
237795 182664 
237795 182664 
237795 182664 
237795 182664 
237795 182664 
237795 182664 
237795 182664 
237795 182664 
237795 182664 
237795 182664 
237795 182664 
237795 182664 
237795 182664 
237795 182664 
237795 182664 
237795 182664 
237795 182664 
237795 182664 
237795 182664 
237795 182664 
237795 182664 
237795 182664 
237813 182718 
237856 182834 
237905 182973 
237958 183116 
238015 183250 
238072 183376 
238132 183500 
238192 183620 
238252 183733 
238313 183839 
238375 183942 
238440 184045 
238506 184151 
238574 184259 
238645 184367 
238721 184475 
238804 184585 
238892 184696 
238986 184809 
239086 184921 
239192 185034 
239304 185152 
239421 185275 
239543 185402 
239669 185535 
239800 185673 
239934 185813 
240071 185955 
240212 186101 
240356 186252 
240502 186407 
240651 186564 
240801 186723 
240952 186883 
241106 187043 
241263 187206 
241422 187372 
241584 187545 
241749 187721 
241916 187897 
242085 188074 
242256 188255 
242428 188439 
242602 188625 
242778 188813 
242956 189000 
243137 189188 
243319 189379 
243503 189572 
243688 189764 
243874 189955 
244062 190148 
244252 190346 
244445 190548 
244640 190750 
244836 190952 
245033 191154 
245232 191359 
245432 191563 
245633 191766 
245833 191969 
246032 192173 
246232 192378 
246435 192586 
246641 192800 
246847 193017 
247054 193239 
247262 193462 
247473 193684 
247686 193908 
247898 194133 
248110 194356 
248322 194580 
248535 194807 
249866 196207 
250091 196441 
250317 196679 
250556 196923 
250807 197170 
251058 197412 
251306 197653 
251550 197896 
251795 198143 
252041 198391 
252286 198640 
252532 198888 
252778 199138 
253026 199390 
253279 199649 
253536 199913 
253796 200180 
254060 200448 
254325 200716 
254591 200985 
254856 201256 
255122 201528 
255389 201804 
255658 202084 
255929 202366 
256203 202645 
256477 202921 
256750 203197 
257023 203472 
257297 203748 
257572 204029 
257850 204314 
258130 204599 
258412 204887 
258695 205177 
258978 205467 
259261 205756 
259542 206045 
259825 206335 
260109 206626 
260396 206921 
260683 207219 
260971 207514 
261258 207803 
261544 208092 
261830 208382 
262116 208675 
262404 208972 
262692 209271 
262981 209569 
263274 209865 
263568 210161 
263860 210459 
264154 210758 
264447 211056 
264739 211356 
265031 211664 
265325 211975 
265622 212287 
265921 212599 
266221 212907 
266519 213210 
266816 213512 
267111 213809 
267403 214108 
267696 214411 
267991 214717 
268287 215024 
268586 215333 
268885 215642 
269182 215952 
269479 216261 
269776 216569 
270072 216877 
270368 217182 
270664 217487 
270961 217794 
271259 218103 
271558 218415 
271858 218729 
272157 219042 
272455 219353 
272753 219665 
273051 219978 
273349 220291 
273647 220606 
273947 220920 
274249 221234 
274552 221549 
274858 221864 
275165 222181 
275474 222501 
275783 222821 
276093 223142 
276405 223466 
276718 223792 
277033 224120 
277349 224447 
277664 224771 
277977 225092 
278288 225410 
278597 225724 
278906 226040 
279220 226359 
279538 226681 
279857 227006 
280178 227334 
280501 227667 
280824 228004 
281148 228343 
281472 228678 
281795 229010 
282116 229341 
282437 229670 
282759 230002 
283079 230334 
283402 230666 
283725 230997 
284047 231330 
284372 231665 
284698 232000 
285024 232336 
285352 232674 
285682 233017 
286010 233358 
286337 233700 
286662 234039 
286988 234377 
287316 234717 
287643 235056 
287971 235394 
288299 235732 
288625 236070 
288952 236407 
289279 236743 
289606 237078 
289932 237411 
290257 237742 
290585 238077 
290914 238413 
291245 238751 
291576 239092 
291905 239434 
292232 239772 
292558 240107 
292882 240438 
293208 240771 
293538 241109 
293869 241449 
294202 241788 
294534 242127 
294864 242465 
295193 242802 
295523 243141 
295857 243483 
296191 243824 
296526 244165 
296858 244500 
297188 244834 
297520 245173 
297854 245518 
298190 245864 
298528 246211 
298866 246559 
299201 246902 
299535 247241 
299866 247577 
300197 247910 
300529 248246 
300864 248588 
301203 248940 
301543 249299 
301884 249655 
302225 250002 
302563 250346 
302900 250688 
303236 251032 
303571 251378 
303906 251725 
304240 252068 
304572 252407 
304904 252747 
305236 253090 
305571 253436 
305908 253789 
306247 254147 
306588 254502 
306930 254858 
307268 255208 
307604 255557 
307939 255906 
308274 256254 
308610 256603 
308948 256950 
309288 257300 
309627 257651 
309968 258004 
310310 258359 
310650 258711 
310989 259065 
311327 259419 
311666 259774 
312006 260132 
312348 260489 
312687 260841 
313024 261188 
313360 261531 
313696 261871 
314033 262216 
314373 262566 
314716 262922 
315060 263279 
315404 263630 
315745 263978 
316084 264329 
316421 264684 
316758 265043 
317098 265402 
317441 265759 
317785 266116 
318128 266473 
318473 266833 
318820 267195 
319169 267560 
319520 267924 
319871 268285 
320219 268643 
320564 268995 
320907 269347 
321250 269704 
321597 270069 
321947 270440 
322301 270814 
322658 271187 
323016 271561 
323372 271933 
323726 272303 
324078 272675 
324428 273046 
324777 273409 
325127 273774 
325478 274148 
325833 274526 
326193 274906 
326556 275284 
326919 275659 
327280 276033 
327640 276402 
327997 276769 
328352 277135 
328706 277498 
329058 277860 
329414 278223 
329773 278592 
330136 278966 
330501 279344 
330866 279720 
331232 280094 
331594 280463 
331953 280829 
332310 281198 
332666 281566 
333022 281932 
333377 282300 
333730 282668 
334083 283033 
334439 283400 
334797 283766 
335157 284136 
335519 284506 
335882 284878 
336245 285250 
336606 285621 
336962 285989 
337315 286356 
337666 286724 
338018 287093 
338376 287465 
338739 287840 
339104 288213 
339468 288587 
339834 288962 
340200 289336 
340567 289714 
340933 290088 
341295 290460 
341654 290833 
342013 291212 
342374 291597 
342738 291982 
343106 292365 
343475 292746 
343843 293128 
344210 293509 
344575 293892 
344938 294271 
345297 294641 
345655 295009 
346012 295378 
346370 295750 
346729 296129 
347092 296509 
347456 296889 
347821 297268 
348188 297643 
348555 298016 
348924 298389 
349291 298759 
349656 299125 
350020 299488 
350385 299849 
350754 300214 
351126 300581 
351499 300949 
351872 301319 
352242 301686 
352609 302047 
352972 302406 
353333 302763 
353692 303119 
354051 303475 
354412 303832 
354776 304191 
355141 304551 
355507 304909 
355872 305266 
356235 305619 
356598 305969 
356959 306317 
357320 306662 
357681 307006 
358040 307347 
358399 307681 
358757 308009 
359115 308330 
359473 308646 
359831 308952 
360189 309248 
360544 309535 
360897 309811 
361247 310080 
361591 310345 
361931 310604 
362266 310855 
362595 311100 
362852 311345 
363173 311586 
363494 311828 
363817 312073 
364138 312324 
364457 312580 
364773 312840 
365087 313098 
365397 313351 
365705 313602 
366011 313851 
366311 314096 
366607 314336 
366901 314572 
367193 314805 
367481 315033 
367762 315257 
368037 315476 
368307 315694 
368573 315909 
368836 316121 
369095 316332 
369352 316543 
369607 316752 
369860 316955 
370111 317155 
370359 317352 
370605 317549 
370851 317745 
371096 317941 
371341 318137 
371586 318333 
371832 318530 
372080 318723 
372330 318913 
372580 319101 
372832 319291 
373088 319483 
373346 319674 
373606 319868 
373867 320069 
374128 320274 
374382 320489 
374630 320709 
374873 320933 
375112 321160 
375346 321388 
375581 321618 
375818 321847 
376058 322076 
376297 322305 
376535 322532 
376770 322757 
377009 322983 
377252 323209 
377498 323436 
377746 323664 
377998 323895 
378251 324127 
378505 324362 
378762 324599 
379022 324839 
379283 325082 
379549 325328 
379818 325574 
380088 325821 
380360 326069 
380631 326313 
380897 326554 
381157 326794 
381417 327033 
381678 327273 
381944 327517 
382213 327762 
382485 328008 
382758 328254 
383032 328503 
383309 328753 
383585 329000 
383862 329244 
384139 329488 
384414 329730 
384687 329970 
384959 330209 
385231 330449 
385502 330685 
385775 330919 
386048 331149 
386319 331374 
386591 331593 
386861 331808 
387130 332019 
387397 332226 
387662 332427 
387927 332624 
388195 332821 
388465 333018 
388735 333214 
389005 333409 
389274 333600 
389543 333789 
389808 333977 
390070 334164 
390330 334350 
390587 334533 
390844 334717 
391105 334902 
391369 335088 
391634 335274 
391901 335460 
392167 335647 
392430 335832 
392689 336015 
392946 336195 
393198 336371 
393447 336546 
393698 336722 
393954 336899 
394213 337077 
394472 337257 
394733 337439 
394992 337628 
395248 337833 
395502 338045 
395758 338268 
396014 338503 
396271 338746 
396523 338990 
396773 339239 
397024 339495 
397280 339753 
397536 340014 
397788 340275 
398035 340532 
398281 340786 
398529 341038 
398781 341290 
399040 341544 
399303 341803 
399569 342066 
399837 342332 
400108 342600 
400381 342869 
400655 343138 
400931 343410 
401208 343684 
401487 343960 
401767 344237 
402048 344515 
402331 344793 
402620 345073 
402913 345354 
403207 345635 
403501 345919 
403791 346202 
404080 346485 
404372 346769 
404667 347055 
404964 347343 
405259 347632 
405550 347919 
405838 348203 
406124 348484 
406411 348766 
406701 349050 
406996 349337 
407294 349629 
407592 349923 
407892 350215 
408189 350506 
408483 350797 
408778 351087 
409072 351376 
409367 351665 
409664 351953 
409961 352241 
410259 352530 
410558 352820 
410854 353111 
411149 353401 
411443 353690 
411738 353981 
412036 354274 
412336 354568 
412637 354865 
412940 355165 
413246 355466 
413551 355762 
413854 356056 
414156 356352 
414457 356651 
414758 356950 
415063 357250 
415370 357550 
415678 357851 
415985 358152 
416289 358452 
416592 358750 
416896 359050 
417199 359349 
417505 359649 
417810 359950 
418112 360251 
418414 360550 
418717 360851 
419019 361151 
419324 361452 
419631 361752 
419938 362051 
420246 362351 
420553 362652 
420861 362953 
421168 363258 
421475 363566 
421780 363872 
422085 364178 
422387 364483 
422690 364787 
422993 365093 
423297 365400 
423603 365706 
423912 366011 
424225 366317 
424538 366623 
424849 366930 
425157 367236 
425464 367542 
425771 367847 
426076 368151 
426380 368454 
426686 368758 
426996 369064 
427308 369372 
427622 369682 
427939 369994 
428254 370306 
428564 370618 
428873 370928 
429180 371236 
429486 371543 
429793 371848 
430101 372153 
430409 372459 
430717 372766 
431024 373072 
431334 373380 
431644 373688 
431954 374000 
432266 374313 
432579 374626 
432890 374940 
433201 375255 
433511 375570 
433815 375885 
434120 376205 
434425 376524 
434730 376842 
435038 377162 
435349 377487 
435661 377814 
435975 378145 
436289 378478 
436599 378810 
436906 379141 
437209 379470 
437512 379799 
437815 380129 
438118 380460 
438423 380794 
438729 381130 
439034 381464 
439341 381798 
439649 382134 
439956 382470 
440263 382807 
440570 383143 
440876 383477 
441181 383811 
441484 384143 
441787 384476 
442089 384814 
442391 385153 
442693 385493 
442995 385833 
443298 386172 
443603 386510 
443910 386847 
444217 387181 
444525 387513 
444832 387840 
445138 388164 
445443 388488 
445748 388812 
446055 389136 
446360 389460 
446664 389782 
446967 390105 
447269 390428 
447569 390751 
447868 391074 
448168 391399 
448470 391725 
448773 392051 
449075 392377 
449372 392703 
449664 393028 
449950 393354 
450231 393677 
450499 394000 
450755 394326 
450993 394634 
451214 394895 
451430 395128 
451637 395306 
451832 395432 
452019 395550 
452207 395674 
452398 395806 
452594 395954 
452797 396118 
453010 396291 
453234 396471 
453468 396654 
453708 396841 
453946 397030 
454176 397210 
454392 397375 
454593 397524 
454780 397660 
454951 397786 
455110 397907 
455260 398024 
455405 398141 
455547 398256 
455686 398370 
455822 398482 
455955 398590 
456083 398696 
456206 398794 
456325 398885 
456439 398972 
456548 399056 
456655 399138 
456760 399216 
456861 399291 
456956 399365 
457046 399437 
457131 399507 
457211 399574 
457287 399638 
457359 399699 
457428 399758 
457496 399818 
457562 399877 
457627 399935 
457689 399993 
457750 400050 
457810 400104 
457867 400155 
457921 400205 
457973 400253 
458024 400300 
458074 400335 
458123 400362 
458171 400389 
458217 400417 
458262 400446 
458307 400465 
458351 400476 
458394 400483 
458435 400488 
458474 400492 
458513 400497 
458551 400500 
458589 400501 
458627 400501 
458663 400501 
458697 400501 
458729 400501 
458761 400501 
458791 400501 
458819 400501 
458845 400501 
458870 400501 
458894 400501 
458916 400501 
458937 400501 
458956 400501 
458975 400501 
458992 400501 
459008 400501 
459023 400501 
459038 400501 
459051 400501 
459064 400500 
459078 400500 
459090 400500 
459102 400500 
459116 400500 
459131 400499 
459147 400496 
459164 400493 
459184 400490 
459205 400490 
459226 400487 
459245 400481 
459263 400474 
459278 400465 
459293 400456 
459309 400443 
459325 400430 
459341 400416 
459357 400399 
459373 400384 
459386 400366 
459399 400346 
459411 400325 
459419 400301 
459425 400275 
459431 400248 
459435 400220 
459437 400192 
459437 400163 
459437 400133 
459439 400113 
459442 400098 
459443 400076 
459450 400067 
459472 400067 
459498 400067 
459521 400064 
459542 400058 
459561 400052 
459582 400046 
459568 400048 
459535 400052 
459509 400055 
459492 400058 
459482 400062 
459477 400067 
459476 400074 
459476 400081 
459476 400088 
459476 400094 
459476 400097 
459476 400098 
459476 400099 
459475 400099 
459473 400099 
459471 400099 
459468 400099 
459464 400099 
459459 400099 
459454 400099 
459449 400099 
459445 400099 
459442 400099 
459439 400099 
459437 400099 
459435 400099 
459433 400099 
459431 400099 
459429 400099 
459427 400099 
459426 400099 
459425 400099 
459375 400182 
459277 400355 
459168 400556 
459071 400751 
458990 400931 
458914 401098 
458840 401236 
458766 401360 
458690 401481 
458611 401591 
458529 401687 
458446 401781 
458361 401880 
458276 401981 
458191 402086 
458105 402194 
458018 402307 
457931 402424 
457844 402547 
457757 402671 
457669 402799 
457580 402927 
457490 403055 
457402 403186 
457316 403322 
457228 403462 
457138 403602 
457047 403742 
456952 403884 
456857 404027 
456762 404174 
456665 404324 
456567 404476 
456469 404631 
456369 404789 
456268 404947 
456163 405106 
456055 405265 
455946 405424 
455835 405584 
455725 405747 
455615 405908 
455504 406069 
455394 406228 
455284 406388 
455174 406549 
455062 406712 
454947 406875 
454831 407039 
454712 407205 
454590 407375 
454466 407546 
454341 407717 
454213 407890 
454083 408068 
453950 408248 
453813 408430 
453674 408611 
453533 408793 
453391 408977 
453249 409162 
453107 409347 
452964 409531 
452822 409717 
452679 409905 
452533 410094 
452382 410283 
452230 410472 
452076 410662 
451920 410852 
451764 411041 
451606 411231 
451449 411424 
451291 411619 
451131 411815 
450970 412011 
450807 412211 
450642 412415 
450476 412619 
450310 412821 
450143 413023 
449974 413228 
449802 413435 
449630 413643 
449459 413851 
449288 414060 
449115 414269 
448940 414477 
448764 414685 
448589 414897 
448414 415113 
448237 415328 
448059 415541 
447880 415753 
446977 416852 
446795 417083 
446613 417316 
446501 417472 
446446 417562 
446417 417648 
446406 417677 
446396 417658 
446386 417637 
446373 417624 
446359 417628 
446345 417640 
446333 417656 
446325 417673 
446322 417679 
446322 417679 
446323 417679 
446328 417679 
446334 417679 
446339 417686 
446344 417697 
446351 417704 
446361 417707 
446371 417709 
446378 417712 
446380 417717 
446380 417724 
446380 417731 
446380 417738 
446380 417744 
446379 417747 
446379 417748 
446379 417748 
446379 417748 
446379 417748 
446379 417748 
446379 417748 
446378 417748 
446377 417748 
446376 417748 
446375 417748 
446374 417748 
446374 417748 
446374 417748 
446374 417748 
446374 417748 
446374 417748 
446374 417748 
446374 417748 
446374 417748 
446374 417748 
446374 417748 
446374 417748 
446374 417748 
446374 417748 
446374 417748 
446374 417748 
446374 417748 
446374 417748 
446374 417748 
446374 417748 
446374 417748 
446374 417748 
446374 417748 
446374 417748 
446374 417748 
446374 417748 
446374 417748 
446374 417748 
446374 417748 
446374 417748 
446374 417748 
446374 417748 
446374 417748 
446374 417748 
446374 417748 
446374 417748 
446374 417748 
446374 417748 
446374 417748 
446374 417748 
446374 417748 
446393 417805 
446430 417917 
446480 418055 
446536 418200 
446592 418335 
446649 418457 
446700 418574 
446748 418687 
446798 418789 
446849 418881 
446902 418970 
446958 419063 
447019 419161 
447086 419262 
447160 419366 
447242 419471 
447331 419579 
447427 419690 
447531 419802 
447641 419915 
447756 420032 
447876 420154 
448001 420281 
448129 420413 
448259 420548 
448393 420686 
448530 420827 
448671 420973 
448815 421122 
448961 421272 
449108 421425 
449257 421580 
449408 421736 
449561 421895 
449716 422058 
449874 422223 
450035 422388 
450198 422556 
450362 422727 
450528 422901 
450696 423076 
450867 423254 
451040 423431 
451214 423607 
451389 423783 
451565 423962 
451745 424145 
451926 424329 
452109 424513 
452293 424698 
452478 424884 
452664 425073 
452851 425265 
453039 425455 
453229 425645 
453421 425837 
453615 426029 
453811 426222 
454006 426415 
454201 426609 
454397 426804 
454593 426999 
454790 427192 
454987 427388 
455187 427586 
455387 427787 
455589 427989 
455793 428192 
455999 428395 
456206 428599 
456414 428804 
456623 429010 
456831 429215 
457040 429421 
457250 429630 
457462 429838 
457674 430047 
457886 430255 
458100 430467 
458315 430679 
458533 430893 
458752 431107 
458974 431321 
459196 431536 
459418 431751 
459640 431965 
459862 432179 
460084 432394 
460305 432612 
460530 432832 
460758 433054 
460988 433278 
461218 433502 
461449 433725 
461680 433945 
461913 434165 
462146 434386 
462381 434609 
462616 434835 
462852 435062 
463088 435289 
463323 435515 
463556 435740 
463788 435965 
464018 436188 
464249 436412 
464481 436637 
464713 436863 
464945 437089 
465178 437315 
465412 437543 
465647 437772 
465883 438004 
466120 438238 
466359 438472 
466597 438705 
466834 438936 
467070 439167 
467307 439398 
467544 439628 
467784 439858 
468027 440090 
468270 440323 
468512 440557 
468753 440791 
468995 441026 
469239 441263 
469484 441499 
469731 441735 
469979 441970 
470228 442206 
470476 442442 
470723 442679 
470969 442917 
471217 443155 
471468 443394 
471719 443633 
471970 443873 
472221 444113 
472473 444354 
472723 444596 
472974 444838 
473230 445081 
473488 445323 
473747 445567 
474009 445810 
474271 446053 
474533 446296 
474794 446537 
475054 446779 
475314 447019 
475575 447259 
475837 447499 
476098 447737 
476359 447975 
476620 448215 
476881 448458 
477142 448704 
477404 448953 
477668 449201 
477936 449449 
478207 449695 
478482 449922 
478759 450135 
479033 450349 
479307 450569 
479580 450801 
479853 451039 
480125 451291 
480393 451560 
480659 451835 
480915 452103 
481165 452365 
481319 452515 
481386 452578 
481443 452633 
481505 452669 
481568 452693 
481634 452718 
481697 452729 
481752 452729 
481800 452729 
481845 452746 
481889 452777 
481933 452812 
481979 452843 
482029 452870 
482088 452893 
482151 452908 
482207 452916 
482256 452922 
482302 452927 
482344 452945 
482381 452975 
482414 453008 
482443 453028 
482468 453036 
482488 453040 
482502 453042 
482510 453051 
482512 453066 
482512 453080 
482512 453090 
482509 453096 
482505 453099 
482502 453100 
482499 453100 
482494 453100 
482485 453100 
482473 453100 
482460 453100 
482446 453100 
482432 453100 
482417 453100 
482402 453100 
482388 453100 
482375 453100 
482362 453100 
482351 453100 
482343 453100 
482337 453100 
482332 453100 
482327 453100 
482323 453100 
482321 453100 
482320 453100 
482320 453100 
482320 453100 
482320 453100 
482320 453100 
482320 453100 
482320 453100 
482320 453100 
482320 453100 
482320 453100 
482320 453113 
482320 453135 
482323 453159 
482331 453182 
482347 453190 
482363 453189 
482381 453177 
482406 453169 
482436 453161 
482473 453146 
482520 453131 
482572 453113 
482627 453094 
482686 453075 
482752 453060 
482823 453052 
482897 453049 
482973 453049 
483050 453049 
483130 453049 
483211 453049 
483293 453049 
483375 453049 
483455 453049 
483534 453049 
483611 453049 
483687 453049 
483761 453049 
483835 453049 
483911 453049 
483988 453049 
484067 453049 
484148 453049 
484231 453049 
484315 453049 
484401 453049 
484488 453049 
484576 453049 
484664 453049 
484753 453049 
484842 453049 
484930 453049 
485019 453049 
485110 453049 
485204 453049 
485302 453049 
485402 453049 
485505 453049 
485610 453049 
485717 453049 
485827 453049 
485939 453049 
486053 453049 
486170 453049 
486289 453049 
486411 453049 
486535 453049 
486660 453049 
486787 453049 
486916 453049 
487046 453049 
487180 453068 
487320 453103 
487461 453151 
487598 453225 
487734 453316 
487869 453425 
488003 453553 
488135 453696 
488266 453846 
488395 453992 
488522 454135 
488652 454270 
488786 454402 
488924 454535 
489064 454670 
489204 454809 
489342 454950 
489480 455095 
489622 455245 
489771 455402 
489927 455564 
490091 455729 
490261 455900 
490434 456074 
490611 456248 
490790 456424 
490971 456601 
491155 456781 
491341 456965 
491530 457152 
491722 457342 
491918 457535 
492118 457731 
492320 457928 
492523 458128 
492727 458330 
492934 458533 
493146 458737 
493362 458943 
493580 459151 
493798 459364 
494017 459577 
494237 459792 
494456 460007 
494673 460222 
494892 460437 
495117 460653 
495345 460870 
495575 461088 
495806 461308 
496038 461529 
496268 461751 
496498 461973 
496731 462197 
496966 462423 
497201 462650 
497437 462877 
497674 463105 
497913 463334 
498151 463564 
498390 463797 
498631 464032 
498874 464270 
499117 464507 
499363 464746 
499612 464985 
499863 465226 
500112 465470 
500362 465715 
500612 465960 
500860 466205 
501109 466450 
501363 466694 
501619 466941 
501875 467189 
502130 467437 
502382 467685 
502632 467933 
502883 468181 
503136 468429 
503389 468679 
503643 468931 
503899 469185 
504157 469440 
504415 469695 
504676 469951 
504938 470208 
505199 470468 
505457 470729 
505715 470989 
505976 471246 
506239 471503 
506503 471760 
506768 472021 
507033 472286 
507296 472552 
507560 472819 
507823 473085 
508087 473350 
508352 473616 
508618 473883 
508886 474152 
509157 474423 
509431 474695 
509703 474968 
509975 475242 
510247 475515 
510519 475789 
510790 476063 
511062 476337 
511334 476610 
511607 476884 
511885 477161 
512166 477440 
512448 477720 
512728 478001 
513005 478281 
513280 478560 
513557 478840 
513837 479122 
514120 479405 
514407 479692 
514696 479983 
514983 480275 
515269 480566 
515556 480856 
515841 481145 
516127 481434 
516416 481722 
516708 482011 
517001 482300 
517294 482589 
517587 482879 
517877 483171 
518168 483466 
518458 483760 
518749 484055 
519043 484351 
519337 484649 
519632 484947 
519929 485246 
520225 485547 
520520 485848 
520818 486151 
521118 486453 
521419 486756 
521722 487060 
522025 487365 
522327 487669 
522631 487973 
522937 488278 
523243 488581 
523550 488884 
523856 489186 
524159 489486 
524461 489789 
524762 490094 
525063 490399 
525366 490706 
525667 491014 
525971 491321 
526275 491632 
526577 491945 
526880 492258 
527185 492570 
527489 492880 
527792 493188 
528094 493498 
528397 493809 
528702 494120 
529008 494432 
529315 494745 
529624 495059 
529931 495376 
530238 495695 
530545 496012 
530851 496329 
531157 496645 
531464 496961 
531771 497279 
532077 497597 
532385 497915 
532693 498232 
533002 498548 
533313 498864 
533627 499180 
533941 499497 
534253 499817 
534562 500135 
534869 500455 
535175 500778 
535485 501103 
535800 501428 
536117 501755 
536435 502081 
536752 502405 
537065 502729 
537375 503053 
537687 503375 
538002 503698 
538319 504022 
538637 504348 
538957 504674 
539278 505000 
539596 505326 
539913 505652 
540231 505979 
540545 506305 
540861 506631 
541180 506958 
541500 507284 
541822 507609 
542148 507936 
542473 508263 
542798 508590 
543121 508916 
543440 509240 
543761 509562 
544086 509886 
544415 510212 
544745 510541 
545075 510872 
545402 511201 
545725 511528 
546046 511857 
546367 512189 
546687 512521 
547008 512852 
547331 513184 
547655 513516 
547980 513847 
548304 514177 
548626 514507 
548948 514834 
549270 515161 
549591 515488 
549914 515815 
550235 516146 
550557 516481 
550879 516817 
551199 517156 
551519 517495 
551839 517833 
552158 518171 
552478 518509 
552798 518846 
553118 519182 
553437 519517 
553756 519850 
554075 520181 
554392 520515 
554708 520854 
555026 521192 
555344 521532 
555663 521874 
555980 522218 
556292 522564 
556605 522910 
556919 523256 
557234 523603 
557547 523944 
557858 524286 
558168 524629 
558479 524972 
558790 525317 
559099 525665 
559406 526018 
559711 526371 
560014 526720 
560316 527062 
560616 527398 
560916 527730 
561214 528063 
561511 528396 
561807 528729 
562102 529062 
562396 529394 
562688 529726 
562977 530060 
563264 530395 
563548 530731 
563832 531067 
564116 531401 
564399 531734 
564683 532065 
564965 532394 
565249 532725 
565532 533052 
565814 533377 
566095 533701 
566375 534025 
566655 534355 
566935 534689 
567214 535022 
567491 535354 
567767 535685 
568042 536017 
568316 536353 
568589 536685 
568859 537010 
569126 537333 
569391 537657 
569652 537984 
569912 538315 
570171 538646 
570427 538972 
570678 539293 
570926 539612 
571170 539931 
571414 540251 
571656 540572 
571900 540892 
572145 541209 
572392 541528 
572639 541854 
572883 542180 
573123 542504 
573366 542827 
573613 543147 
573873 543466 
574138 543786 
574416 544103 
574709 544409 
575003 544716 
575295 545024 
575583 545330 
575867 545630 
576148 545920 
576431 546207 
576719 546494 
577009 546784 
577302 547079 
577596 547376 
577889 547676 
578182 547978 
578385 548206 
578502 548375 
578581 548508 
578659 548626 
578756 548746 
578852 548799 
578936 548789 
579006 548789 
579066 548791 
579120 548813 
579170 548854 
579220 548896 
579274 548924 
579333 548944 
579395 548960 
579457 548969 
579515 548974 
579568 548981 
579618 549001 
579668 549031 
579720 549064 
579774 549091 
579826 549109 
579876 549121 
579922 549129 
579963 549135 
580000 549153 
580032 549180 
580059 549205 
580080 549216 
580096 549216 
580106 549216 
580110 549221 
580110 549228 
580110 549233 
580109 549235 
580106 549235 
580103 549235 
580101 549235 
580099 549235 
580097 549235 
580092 549235 
580085 549235 
580077 549235 
580069 549235 
580059 549235 
580049 549235 
580039 549235 
580029 549235 
580019 549235 
580009 549235 
580000 549235 
579993 549235 
579987 549235 
579982 549235 
579978 549235 
579976 549235 
579975 549235 
579975 549235 
579975 549235 
579975 549235 
579975 549235 
579975 549235 
579975 549235 
579975 549235 
579975 549235 
579975 549235 
579975 549235 
579975 549235 
579975 549235 
579975 549235 
579975 549235 
579975 549235 
579975 549235 
579975 549235 
579975 549235 
579975 549235 
579975 549235 
579975 549235 
579975 549235 
579975 549235 
579975 549235 
579975 549235 
579975 549235 
579975 549235 
579975 549235 
579975 549235 
579975 549235 
579975 549235 
579975 549235 
579975 549235 
579975 549235 
579975 549235 
579975 549235 
579975 549235 
579975 549235 
579975 549235 
579975 549235 
579975 549235 
579975 549235 
579975 549235 
579975 549235 
579975 549235 
579975 549235 
579975 549235 
579975 549235 
579975 549235 
579975 549235 
579975 549235 
579975 549235 
579975 549235 
579975 549235 
579975 549235 
579975 549235 
579975 549235 
579975 549235 
579975 549235 
579975 549235 
579975 549235 
579975 549235 
579975 549235 
579975 549235 
579975 549235 
579975 549235 
579975 549235 
579975 549235 
579975 549235 
579975 549235 
579975 549235 
579975 549235 
579975 549235 
579975 549235 
579975 549235 
579975 549235 
579975 549235 
579975 549235 
579975 549235 
579975 549235 
579975 549235 
579975 549235 
579975 549235 
579975 549235 
579975 549235 
579975 549235 
579975 549235 
579975 549235 
579975 549235 
579975 549235 
579975 549235 
579975 549235 
579975 549235 
579975 549235 
579975 549235 
579975 549235 
579975 549235 
579975 549235 
579975 549235 
579975 549235 
579975 549235 
579975 549235 
579975 549235 
579975 549235 
579975 549235 
579975 549235 
579975 549235 
579975 549235 
579975 549235 
579975 549235 
579975 549235 
579975 549235 
579975 549235 
579975 549235 
579975 549235 
579975 549235 
579975 549235 
579975 549235 
579975 549235 
579975 549235 
579975 549235 
579975 549235 
579975 549235 
579975 549235 
579975 549235 
579975 549235 
579975 549235 
579975 549235 
579975 549235 
579975 549235 
579975 549235 
579975 549235 
579975 549235 
579975 549235 
579975 549235 
579975 549235 
579975 549235 
579975 549235 
579975 549235 
579975 549235 
579975 549235 
579975 549235 
579975 549235 
579975 549235 
579975 549235 
579975 549235 
579975 549235 
579975 549235 
579975 549235 
579975 549235 
579975 549235 
579975 549235 
579975 549235 
579975 549235 
579975 549235 
579975 549235 
579975 549235 
579975 549235 
579975 549235 
579975 549235 
579975 549235 
579975 549235 
579975 549235 
579975 549235 
579975 549235 
579975 549235 
579975 549235 
579975 549235 
579975 549235 
579975 549235 
579975 549235 
579975 549235 
579975 549235 
579975 549235 
579975 549235 
579975 549235 
579975 549235 
579975 549235 
579975 549235 
579975 549235 
579975 549235 
579975 549235 
579975 549235 
579975 549235 
579975 549235 
579975 549235 
579975 549235 
579975 549235 
579975 549235 
579975 549235 
579975 549235 
579975 549235 
579975 549235 
