# points 181
330
322
315
308
302
295
290
284
280
270
265
261
256
253
248
245
241
238
236
232
230
227
226
223
221
218
217
214
216
215
213
212
210
209
207
206
204
203
202
201
200
199
198
197
197
197
197
196
196
196
195
194
194
194
194
194
194
194
195
195
196
196
197
197
197
198
199
199
199
201
202
203
204
205
206
208
209
211
213
214
216
217
219
222
223
226
228
231
233
237
240
243
246
250
253
256
258
262
266
271
275
280
286
291
297
304
310
318
325
338
347
356
366
376
387
399
411
426
441
457
474
495
515
539
563
585
618
660
702
748
799
860
919
1014
1115
1241
1396
3276
1874
1962
1958
564
564
563
1958
1961
1967
688
518
410
358
305
266
235
214
194
179
164
153
144
135
128
121
115
109
104
101
96
93
89
86
83
81
78
76
74
72
71
68
67
66
